      0/49     2.31G   0.07417   0.01972    0.0181     0.112       142       640   0.00149    0.0186 0.0003601     6e-05   0.09706   0.03386   0.01591
      1/49     2.27G   0.06654   0.01968   0.01367   0.09988       157       640   0.05466   0.05329   0.02248   0.00547   0.08849   0.03385   0.01424
      2/49     2.27G   0.05989   0.01842   0.01223   0.09054       141       640    0.6202   0.09608   0.08812   0.01963   0.08241   0.03387   0.01341
      3/49     2.27G   0.05601    0.0174   0.01068    0.0841       115       640     0.649    0.2229    0.2176   0.08316   0.07584   0.03169   0.01178
      4/49     2.27G   0.05176    0.0162  0.007949    0.0759       121       640    0.7812    0.3135     0.356    0.1665   0.06992   0.03145   0.01079
      5/49     2.27G   0.04789   0.01581  0.006696    0.0704       188       640    0.8103    0.4033    0.4399    0.2263   0.06461   0.03009  0.009644
      6/49     2.27G   0.04539   0.01528  0.005604   0.06627       136       640    0.8661     0.417    0.4694    0.2423   0.06251   0.02933  0.008936
      7/49     2.27G   0.04342   0.01485    0.0049   0.06317       181       640     0.869    0.4463    0.5004    0.2697   0.05871   0.02927  0.008337
      8/49     2.27G   0.04291   0.01479  0.004602    0.0623       131       640    0.8629    0.4534    0.5004    0.2676   0.05951   0.03054  0.008335
      9/49     2.27G   0.04145   0.01452  0.004168   0.06013       137       640    0.8722    0.4551    0.5137    0.2923   0.05801   0.03029  0.008595
     10/49     2.27G   0.04079   0.01406  0.003939   0.05879       144       640    0.8814    0.4792    0.5312    0.2976   0.05828   0.02969  0.008583
     11/49     2.27G   0.03988    0.0141  0.003725    0.0577       166       640    0.8947     0.477    0.5314    0.3075   0.05806   0.02934  0.008059
     12/49     2.27G   0.03905   0.01351   0.00353   0.05609        84       640    0.8927    0.4988    0.5477    0.3153   0.05624   0.02963  0.008214
     13/49     2.27G   0.03884   0.01399  0.003414   0.05624        98       640    0.8992    0.4989    0.5525    0.3172   0.05616   0.02932   0.01015
     14/49     2.27G   0.03831    0.0137  0.003225   0.05523       115       640    0.9091    0.5008    0.5586    0.3218   0.05479   0.03018  0.007264
     15/49     2.27G   0.03806   0.01349  0.003119   0.05467       147       640    0.9177    0.5014    0.5672    0.3263   0.05484     0.029  0.007174
     16/49     2.27G   0.03786   0.01315  0.003084   0.05409       155       640    0.9005    0.5074    0.5649    0.3242   0.05479   0.02968  0.009103
     17/49     2.27G    0.0374   0.01337  0.003266   0.05404       183       640    0.9221    0.5039    0.5725    0.3307   0.05292   0.03012  0.007703
     18/49     2.27G   0.03708   0.01272  0.003057   0.05286       124       640    0.9118    0.5163     0.573    0.3417   0.05271   0.02976  0.007356
     19/49     2.27G   0.03669   0.01304  0.002885   0.05262       147       640    0.9045    0.5285    0.5764    0.3372   0.05149   0.02993  0.008017
     20/49     2.27G   0.03631   0.01297  0.002795   0.05208       166       640    0.9124     0.526    0.5778    0.3424   0.05215   0.02937  0.007116
     21/49     2.27G   0.03652   0.01305  0.002949   0.05253       121       640    0.9076    0.5233    0.5806    0.3401   0.05135   0.03017  0.007393
     22/49     2.27G   0.03576   0.01279  0.002756    0.0513       168       640    0.9193    0.5226    0.5789    0.3355   0.05228   0.02999  0.008829
     23/49     2.27G    0.0358   0.01255  0.002851    0.0512       155       640    0.9088    0.5342    0.5805    0.3502   0.05076   0.02995   0.00742
     24/49     2.27G   0.03525   0.01261   0.00252   0.05038       170       640    0.9018    0.5342    0.5869    0.3472   0.05087   0.03016  0.007013
     25/49     2.27G    0.0351    0.0124   0.00252   0.05002       129       640    0.9215    0.5254    0.5896    0.3569   0.05009   0.03063  0.007735
     26/49     2.27G   0.03525   0.01268  0.002582   0.05051       129       640    0.9159    0.5327    0.5871    0.3549   0.05014   0.03087  0.008194
     27/49     2.27G   0.03469   0.01241  0.002469   0.04956       111       640    0.9204    0.5271    0.5938     0.358    0.0492   0.03053  0.007513
     28/49     2.27G    0.0345   0.01253   0.00237    0.0494       195       640    0.9312    0.5285    0.5964    0.3614   0.04944   0.03054  0.007058
     29/49     2.27G   0.03445   0.01228   0.00241   0.04913       148       640    0.9087    0.5447    0.5947    0.3636   0.04912   0.03065   0.00799
     30/49     2.27G   0.03431   0.01252  0.002512   0.04934       111       640    0.9194    0.5326     0.591    0.3628   0.04884   0.03107  0.006866
     31/49     2.27G   0.03435   0.01229  0.002287   0.04892       113       640    0.9164    0.5437    0.5965    0.3674   0.04843    0.0309  0.006692
     32/49     2.27G   0.03456   0.01224  0.002512   0.04931       137       640    0.9079    0.5527    0.5993    0.3625   0.04851   0.03089  0.006709
     33/49     2.27G    0.0344   0.01223  0.002345   0.04897       138       640     0.928    0.5396    0.5998    0.3648   0.04821   0.03081  0.007568
     34/49     2.27G   0.03404   0.01216  0.002277   0.04848       171       640    0.9273     0.546    0.6021     0.372   0.04823   0.03046  0.008242
     35/49     2.27G   0.03388   0.01214  0.002361   0.04838       146       640    0.9262    0.5412     0.601    0.3671   0.04836   0.03041  0.007097
     36/49     2.27G   0.03394   0.01221  0.002322   0.04847       178       640    0.9161    0.5577    0.6019    0.3724    0.0478   0.03082  0.006924
     37/49     2.27G   0.03366   0.01224  0.002128   0.04803        65       640    0.9342    0.5445    0.6049     0.373    0.0478   0.03082  0.006953
     38/49     2.27G   0.03368   0.01206  0.002241   0.04798       136       640    0.9218    0.5495    0.6026    0.3709   0.04785   0.03073  0.007444
     39/49     2.27G   0.03337     0.012   0.00205   0.04742       186       640    0.9244     0.559     0.608    0.3762   0.04793   0.03073   0.00771
     40/49     2.27G   0.03324   0.01212  0.002135    0.0475       274       640    0.9235    0.5488    0.6071    0.3773   0.04758   0.03114  0.007071
     41/49     2.27G   0.03311   0.01195  0.002159   0.04721       161       640    0.9212     0.557    0.6083    0.3774   0.04762   0.03085  0.006781
     42/49     2.27G   0.03312   0.01187  0.002095   0.04708        96       640    0.9376    0.5462    0.6082    0.3772   0.04759   0.03061  0.006979
     43/49     2.27G   0.03302   0.01193    0.0021   0.04705       113       640    0.9521      0.53    0.6086     0.376   0.04762   0.03071  0.007189
     44/49     2.27G   0.03311   0.01185  0.002027   0.04699       201       640    0.9286    0.5585    0.6084    0.3786   0.04728   0.03091  0.007136
     45/49     2.27G   0.03307   0.01217  0.002127   0.04736       110       640    0.9296    0.5596    0.6117    0.3784   0.04754   0.03056  0.007605
     46/49     2.27G   0.03306   0.01191  0.002135   0.04711       171       640    0.9363     0.555    0.6117    0.3801   0.04736    0.0309  0.007647
     47/49     2.27G   0.03291    0.0122  0.002058   0.04717       148       640    0.9335     0.552    0.6095    0.3802   0.04748   0.03071  0.007586
     48/49     2.27G   0.03303   0.01205  0.002034   0.04712       170       640    0.9364    0.5554    0.6121     0.382   0.04732   0.03093  0.007195
     49/49     2.27G   0.03274   0.01193  0.001958   0.04663       177       640    0.9251    0.5557    0.6092    0.3808   0.04731   0.03105  0.007312
